P0: 1.24090872e+03 0.000e+00 1.02539967e+03 0.000e+00 0.000e+00 1.23885024e+03 1.23399806e+03 0.000e+00 0.000e+00 0.000e+00 1.000e+00 0.000e+00
R0_rect: 1.000000000000e+00 0.000000000000e+00 0.000000000000e+00 0.000000000000e+00 1.000000000000e+00 0.000000000000e+00 0.000000000000e+00 0.000000000000e+00 1.000000000000e+00
Tr_velo_to_cam: 0.33156193 -0.94342167 -0.00471702 -0.36073046 0.00115215 0.00540475 -0.99998473 0.16437542 0.94343275 0.33155143 0.00287898 0.08973167

